 1.43423 0.584388  1.59255 -1.55384 -1.51641 0.780134
 1.47036 0.622705    1.445 -1.38558 -1.51641 0.780134
 1.56399 0.599758  1.40105 -1.28671 -1.66458 0.780145
 1.61333 0.817757   1.4019 -1.85929 -1.66456  0.78015
 1.66236 0.854963  1.40195 -1.86047 -1.93265 0.780158
 1.63383 0.697582  1.20935 -1.07661  -1.8653 0.780148
  1.63831  0.660386   1.15524 -0.979352  -1.86528  0.780148
  1.57342  0.660398   1.11068 -0.906237  -1.86524  0.780147
 1.57162 0.815748   1.0443 -1.21978 -1.52398 0.780139
 1.50375 0.816247  1.05561 -1.21923 -1.26438 0.780135
 1.41289 0.833643  1.28331 -1.66512 -1.12123 0.780154
  1.28899  0.842626   1.31452  -1.66469 -0.936447   1.31244
  1.31273  0.884874   1.31453  -1.66465 -0.751022   1.31244
 1.31188 0.779202  1.31338 -1.48378  -1.0207  1.31241
  1.29667  0.712895   1.31369  -1.34392 -0.943429   1.59971
  1.31219  0.735507   1.31411  -1.34398 -0.820824   1.90621
  1.29703  0.715041   1.31249  -1.17836 -0.855252   2.08183
 1.29646 0.652816  1.31368 -1.15402 -1.05796   1.3736
 1.32719 0.652786  1.31337 -1.11341 -1.24118   1.3736
 1.42911 0.599686  1.30034 -1.11862 -1.34713   1.3736
  1.4652 0.619088  1.30038 -1.11861 -1.58773  1.15816
 1.67707 0.699304  1.30028 -1.34451 -1.84536  1.15817
  1.6779  0.76403   1.3012 -1.50457 -1.99566  1.85945
 1.70879 0.885569  1.30119 -1.73695 -2.09666  1.85943
 1.71392 0.947565   1.3012 -1.93327 -2.09665  2.24059
 1.79692 0.992629   1.3012 -2.07454 -2.25304  2.24058
 1.83557  1.35676 0.526034 -1.75047 -2.19374  2.24305
 1.83551  1.35676 0.526034 -1.64778 -2.38292  2.24305
 1.82547  1.46706 0.526049 -2.00948 -2.38185  2.24305
 1.87618  1.44047 0.525809 -1.93904 -2.53249  2.24305
 1.87409  1.51897 0.525932 -2.22002 -2.53249  2.24305
 1.78665  1.62276 0.526368 -2.54553  -2.2636  2.24304
 1.69811  1.67979  0.52612 -2.65543 -1.91721  2.24302
 1.68314  1.69711 0.526121 -2.66811 -1.75351  2.24301
 1.67717  1.69711 0.526114 -2.70723 -1.59002  2.24301
 1.66404  1.71953 0.526131  -2.6815 -1.62269  2.24302
 1.65148    1.705 0.526134 -2.69316  -1.7844  2.55607
 1.66214  1.69501 0.526133  -2.6937 -1.94703  2.55608
 1.69417  1.69143 0.526126 -2.60467 -2.04096  2.55608
 1.67028     1.77 0.526134  -2.8212 -2.00738  2.55606
 1.68568  1.74055 0.526123 -2.64686   -2.016  2.55607
 1.68443  1.66713  0.52613 -2.61182 -1.90446  2.91353
 1.68443  1.66713  0.52613 -2.63992 -1.76345   2.5971
 1.68483  1.66713  0.52613 -2.63991 -1.65961  2.34091
 1.70088  1.71316 0.526142 -2.63545 -1.57645  2.01927
 1.67475  1.71316 0.526142 -2.63748 -1.40932  1.65135
 1.67463  1.64825 0.526133 -2.37744  -1.4096  1.31443
 1.68797  1.56212 0.526134  -2.2008 -1.57483 0.976663
 1.68782  1.48865 0.526134 -1.96799 -1.48932  0.55898
 1.61279  1.09857 0.935626 -1.69785 -1.50835 0.106227
 1.61267  1.09858 0.935928 -1.61797 -1.44222 -0.41683
  1.61278   1.05255  0.936547  -1.46187   -1.4422 -0.829311
 1.61311 0.939886 0.936545 -1.16182 -1.44218 -1.24455
 1.57878 0.969603 0.937772 -1.25301 -1.25991 -1.69787
 1.53746 0.891666 0.937742 -1.06215  -1.2599 -1.98073
 1.53737 0.925445 0.937778 -1.16246 -1.16595 -2.45003
 1.53698 0.854158 0.937177 -1.14936 -1.40689 -2.19586
 1.52463 0.818245 0.935081 -1.09715 -1.51616 -2.19586
 1.58416 0.818247  0.93508 -1.02445 -1.78364 -2.19586
 1.64119  1.02011 0.714407 -1.19562 -1.78276 -1.81055
 1.64896 0.971518 0.714544 -1.02479 -1.90467 -1.29554
  1.61824  0.937257  0.714527 -0.879324  -1.96906  -1.29555
 1.67473  0.60082  1.34815 -1.09463 -2.00821 -1.16343
  1.67472  0.600799   1.34813  -1.09556  -1.92691 -0.908371
  1.57628   0.71714  0.986113 -0.762552  -1.77874  -0.68895
  1.54538  0.661561   0.98616 -0.701645  -1.65492 -0.688982
    1.5433   0.752242   0.784093  -0.527687    -1.6545 -0.0265406
   1.46979   0.752242   0.784094  -0.527686   -1.50366 -0.0265411
  1.42341  0.745171  0.784126 -0.527496  -1.40133  0.301308
  1.34555  0.690746  0.784331 -0.417903  -1.20888  0.301269
  1.32647  0.730246  0.785486 -0.418352    -1.056  0.754083
  1.32782  0.790091  0.785572 -0.466347 -0.917731  0.932472
  1.33263  0.790091   0.78511 -0.309735 -0.919959   1.21683
   1.3883  0.805738  0.914779 -0.650508   -1.0436   1.21684
  1.41831  0.844079  0.914791 -0.843386  -1.04351   1.21685
  1.49374  0.833335  0.859247 -0.877322  -1.67046   1.35973
  1.56404  0.770197  0.857211 -0.856757  -1.75126   1.67589
  1.54294  0.780916  0.857425 -0.615929  -1.65678   1.67589
