 50.9291 -694.872   333.65 -136.257  36.4371  143.966
 72.4518 -728.014  348.511 -139.891  34.7898  143.925
 124.719 -721.029  370.785 -138.199  29.2257  143.676
 160.869 -728.103  295.507 -116.852  39.3666  158.716
 169.183 -720.907  270.673 -115.478  33.4506  148.054
 157.094 -756.072  361.516 -138.124  18.8133  139.449
  160.31 -752.347  401.836 -138.388  18.5814  139.623
 111.222 -764.715  412.971 -139.622  17.4394  135.525
 145.195 -806.114  368.936 -137.162  35.7239  150.994
 117.055 -811.454  365.729 -142.873  43.5498  155.348
 63.7055 -776.335  312.208 -127.699  50.1179  168.286
-13.6974   -771.9  296.387  173.312  67.5079  106.272
 19.9983 -770.482  271.285   158.15  68.0328  102.846
-4.13985 -773.891  317.503   170.87  60.4719  101.248
 -6.6827 -765.635  350.017  142.462  49.9823  72.0158
 15.2376 -766.408  338.336  125.371  35.0566  57.8665
0.243949 -768.526  329.925  126.954  19.6738  51.0214
-15.7561 -759.989  362.852  161.323  48.1737   88.925
-10.7037 -761.326  351.171   171.29  43.9526  90.7969
 57.4826 -748.605  395.301  178.903  46.7098  97.9001
 58.9646 -749.802  379.139 -157.858  39.3232  115.046
 190.073 -733.979  356.603 -141.166  41.3635  126.975
176.278 -737.36 334.006 176.415 61.0951 63.7718
 190.001 -734.678  276.512  172.962  67.8839  57.3672
 192.811 -726.598  254.844  119.629  57.4764  2.27488
 235.534 -694.514  239.987  108.445  58.3606 -11.0923
 300.762 -805.792  231.957  100.616  55.5486 -12.0307
 285.681 -807.305  224.281  108.379  60.1324 -16.1383
 269.251 -777.597  162.022  88.6785  50.8715 -32.9465
  297.42 -761.516  179.298   91.151  52.8201 -36.7384
 285.993 -730.575  130.689  81.8924  43.0018 -43.7247
 233.675 -721.331  67.4721  68.5997  34.6617 -42.1941
 199.411 -730.405  35.5527  58.6295  37.8387 -35.0264
 204.864 -731.569  24.9481  55.6054   41.166 -29.3474
 216.923 -726.647  27.2557  49.9766  43.4418 -25.0944
 204.043 -730.623   9.3894   53.848  44.1334 -24.8484
 178.027 -732.671  19.7984  61.2061  24.6567 -21.8702
 169.346 -729.006  25.0696  62.9218  20.7236 -28.9197
 184.906 -733.945  22.7174  68.5805  21.7392 -29.9429
 166.311 -696.223 -26.9409  61.3645  17.6177 -31.9868
 179.625 -723.395  -11.671   68.585  22.4081  -29.097
 191.577 -741.026  43.5242  67.1938  4.51098 -16.1361
  205.63 -738.736  46.2852  62.3316  23.4378 -17.4369
  216.76 -738.782   46.914  56.5211  38.4326 -21.4067
 236.609 -729.739  11.9859  45.8873  56.1628 -31.6943
 234.597 -732.305   11.518  1.48197  67.4055 -72.3622
 239.046 -776.481  45.3237 -54.5329  69.7784 -130.848
 235.889 -805.865  100.823  -78.424  55.3207 -163.971
 248.015 -834.055  139.492 -93.0387  32.0975 -170.281
 181.386 -829.514  256.892 -109.273  6.83275  -176.33
 188.333 -834.192  245.874 -115.002 -18.9438 -161.102
 188.532 -837.998  261.842 -128.271 -36.5495 -144.098
 188.505 -832.463  311.537 -153.691 -43.6443 -113.692
 178.401 -837.392  302.427 -171.874 -54.2454 -77.6874
  143.92 -834.958  338.761   171.91 -48.1961 -57.2968
 153.002 -836.935  328.017  144.096 -43.0619 -16.1863
 128.886 -827.291  380.995  146.438 -44.9775 -37.2859
 107.603 -822.134  402.786  144.206 -41.4721 -41.4574
 128.536 -814.631  393.052  139.622 -31.5251 -47.1455
 178.437 -852.919  359.716  148.161 -53.9641 -62.6628
 172.254 -845.566  378.105 -178.038 -54.6484 -111.788
 139.589 -844.303  387.202  174.059 -49.8455  -110.09
  169.63 -709.051  372.829  177.205 -46.9699 -115.822
 177.629 -710.398  370.522 -164.349 -42.9584 -136.054
 122.366 -787.924  408.007 -156.128 -30.3352 -150.789
 111.141 -776.446  440.506 -153.141   -25.22 -149.787
 108.946 -805.632   445.39 -147.692 -4.93447  177.014
 65.1377 -813.142  445.279 -147.566  2.37489  177.412
  38.281 -814.081  451.967 -150.249  17.1574  161.597
-1.14413 -796.539  482.763 -155.008  26.0939  161.068
 -4.6388 -809.175  457.319 -177.483  39.1861  130.805
 4.48449 -826.838  423.673  166.551  43.0209  116.271
 9.47664 -821.771  402.078  150.105  28.8973  94.5448
 42.6916 -827.929  366.479  162.013  37.1768  101.474
  65.936 -836.804  363.529  166.727   45.294  106.328
 65.3642 -833.759  395.103 -163.367  41.0226  101.568
 115.544 -809.163  445.456 -175.817  46.7191  80.9122
 108.121 -813.511  398.375 -178.705  31.8587  81.2475
