  1.19358  0.123773    1.7855 -0.218318  -1.64149 0.0595938
  1.35912 -0.203438   1.78481  0.299583  -1.52158 0.0595887
   1.17502   0.281367    1.76936 -0.0763536   -1.62188  0.0593853
     1.27089     0.206578      1.71242 -0.000310049     -1.20164    0.0594184
    1.477  0.206339   1.71244 -0.115425  -1.21548 0.0594098
  1.44157  0.309829   1.71279 -0.122088 -0.919902 0.0594139
  1.37594  0.408824   1.60167 -0.226755 -0.613644 0.0594132
  1.56349  0.509837   1.60358 -0.426719  -1.99954 0.0594001
  1.56994  0.489268   1.60399 -0.490657  -2.31045 0.0594122
  1.66956  0.668715   1.60415 -0.651735  -2.66021 0.0594087
  1.44632  0.464298   1.60414 -0.651738  -2.66021 0.0594087
  1.44704  0.464251   1.60414 -0.651659  -2.41379 0.0594076
  1.38984  0.484148   1.53618 -0.296967  -2.35282 0.0596216
   1.39005   0.484118    1.53621 -0.0223691   -2.35291  0.0596381
  1.49401  0.338529   1.53621  0.141825  -2.35291 0.0596406
 1.49396 0.271843   1.5362 0.347466 -2.35291 0.059638
  1.35917  0.222332    1.5362  0.464565  -2.35309 0.0596361
  1.64871  0.167608   1.53597  0.512332  -2.35308 0.0596358
  1.65221  0.380828   1.39982  0.372291  -1.81657 0.0598319
   1.7742  0.225587   1.39875  0.623848  -1.81637 0.0598378
   1.69868 -0.0401637    1.30242   0.926023   -1.62194  0.0598535
    1.6988 -0.0399514    1.30244   0.926138   -1.93302  0.0598457
  1.28087 0.0256269   1.30247   0.84515  -2.03158 0.0598396
  1.36664  0.145463   1.30275  0.791845  -2.21863 0.0598333
  1.36887 0.0331291    1.2591  0.913218  -2.21863 0.0598331
  1.43095  0.341162    1.2587  0.815671  -2.59295 0.0598274
  1.44402  0.322667   1.25869  0.635998  -1.16591 0.0598386
  1.43152  0.286962    1.2586  0.599999  -1.06439 0.0598356
  1.49378  0.395702   1.20298  0.318174 -0.991677 0.0598365
  1.51699  0.544654   1.24633 -0.202219  -1.28306 0.0598396
  1.42875  0.564379   1.68475 -0.940301   -1.1484 0.0598454
  1.42854  0.564395   1.68474  -0.99855 -0.987667  0.059839
  1.31969  0.418887   2.03227  -1.16765 -0.987682 0.0598407
  1.29904  0.522755    2.0317  -1.39256 -0.743761 0.0598338
  1.30718  0.360943   2.07343  -1.21951  -1.05437 0.0598354
  1.31201  0.440171   2.21811  -1.28414   -1.4569 0.0598331
   1.3406  0.672393   1.92261  -1.45267  -1.88595 0.0598246
  1.34393  0.720876   1.92263  -1.53322  -1.94709 0.0598272
  1.35358  0.741944   1.82671  -1.47564  -2.22181 0.0598321
  1.55315  0.824065   1.82712  -1.47564  -2.37405 0.0598335
